29478
43607
42072
7305
1970
32910
29093
33002
41738
13051
23286
17737
16378
3489
2255
40811
24801
5325
45830
28416
45906
24046
35282
26663
29553
9269
14241
18013
38732
16697
12369
21627
29036
6727
14689
36924
47552
42366
40674
35614
8249
48453
47664
15402
24484
15388
17319
17550
16663
13873
8071
27274
10405
38536
1770
28635
27603
135
15503
26621
11761
39804
6535
15157
39661
14373
45341
29674
32892
2019
38411
39798
39907
48285
25232
7526
28797
7604
37591
49487
32168
23624
44761
39599
24831
14331
34489
17059
15216
44905
2800
28786
9271
27008
36000
36018
45357
45033
49562
19262
45082
21148
39027
4150
46852
42314
4017
21690
8099
24253
38093
18160
49093
44326
7496
6056
43749
22576
29061
48040
4015
42809
12893
41743
14013
37877
7348
12755
38908
4225
34603
38838
46822
23847
1398
41307
2297
27094
34328
49021
21644
28866
31958
22475
4600
29440
22954
45939
46519
45942
10129
3425
42641
26469
17121
48534
47088
24197
7377
29914
31462
16133
17146
15011
18910
48262
33987
3987
32241
3963
3421
39780
49809
3172
38659
27770
6623
35568
46183
42606
18068
26466
44317
26490
26532
31825
1227
20600
41282
8727
22187
10651
40434
9403
28074
32002
19266
43817
20845
10827
35700
10651
11520
9117
749
18916
35615
25445
13641
42944
37023
21651
8159
45716
3066
4331
27614
15602
14691
44821
36575
37208
7749
16411
44721
29311
34163
40172
10533
45787
28649
40713
44850
8400
27180
22843
24923
45632
46113
15601
20268
29803
4620
8445
12711
18077
15123
29728
27146
4024
23994
47222
1593
48762
43619
21570
28895
26717
30031
23963
43410
39873
13818
41946
25757
48480
6604
28451
3058
10181
41422
39816
21633
6134
28673
12361
31295
4710
35092
42627
48129
31620
48279
1109
9179
6246
33668
23010
41639
23741
45776
33126
14654
16565
28205
25574
45891
3418
22805
29109
49917
29662
14096
22834
13639
39625
42551
10924
8333
27111
19373
16197
36775
46943
33165
6964
16485
45151
42683
27121
45689
23308
33576
34618
7273
10802
3850
36134
7413
33676
21249
33914
48697
28980
17166
23768
6644
36859
43477
8363
14876
30543
44200
38397
34308
16415
25394
29038
45606
32995
37268
17036
28750
29842
44266
39250
26532
12218
34334
33340
21807
26109
19327
29795
42682
46619
11955
42629
41711
38630
48116
27751
5807
27195
32223
31056
9831
24552
8097
46498
5631
16271
3617
36511
40808
49541
10265
22058
2621
30681
21371
27471
33385
19662
30641
36490
16688
27419
47495
45711
37230
46921
14213
40575
22718
9629
25814
10823
4829
11551
36454
11610
47148
41844
4844
26707
7330
17055
3591
31039
47118
14454
13
17108
33362
38501
36055
4369
8358
19515
7233
4915
37416
21887
19352
433
15095
24541
46438
18482
2571
26777
2591
27970
2313
47681
5362
36183
22057
17403
11655
27893
48144
26917
31749
42571
3335
20126
19637
42604
25073
31281
21999
44203
10188
25615
34854
42609
29096
44043
8262
9967
40993
9229
31835
28226
6234
9390
31169
8470
23020
43680
38308
34955
26346
35845
10081
42876
11206
27812
2806
15990
40275
43317
41239
6292
35182
47710
45973
10874
16857
10070
31115
5473
30259
18862
11900
2443
17085
41726
35622
46724
10244
19481
820
10252
34090
3650
6986
23449
13623
42131
7262
40483
11302
14958
27480
34863
34943
10588
22581
44278
12455
42834
19091
10053
28256
40312
17770
4732
49542
247
22543
28596
291
2062
36755
36006
120
4478
14339
23353
2387
9476
46126
36387
23390
31438
31141
22080
7458
10213
35675
31532
7566
22711
8313
23921
48583
29867
3574
39030
36557
14452
10829
37110
26291
44394
3662
906
1297
31585
14628
45872
40495
48611
14303
47449
12766
585
29852
49266
31927
24003
21151
12705
16823
9906
35078
14622
18626
16058
39281
32364
41787
25053
42407
39580
39855
23103
24286
13511
8679
3167
47397
47438
17466
42597
39337
23930
35667
4838
29173
6356
44055
6252
44546
20238
21176
15717
46085
43209
38187
45716
48942
28811
11066
24192
38208
46260
34294
31527
11061
16376
42074
33071
33849
31468
16190
42612
10364
35568
25006
22631
21788
44706
34982
4981
7206
28846
3418
10406
11160
5957
40244
17472
33032
7841
46643
7805
40537
15693
23504
26320
12738
1744
7986
46307
40047
48100
11775
27252
6251
4661
48358
42210
27081
28070
16914
37273
9607
47222
22157
39490
11394
10375
32298
3766
23667
20343
6662
15004
7496
35870
17380
33619
16811
49614
34473
16486
16829
37071
16575
6000
33511
24818
305
35122
35730
40693
19429
46352
20282
39333
25839
44091
6887
15594
15337
2523
9320
31520
43146
22587
25006
40249
34824
38823
5145
15220
34094
31802
23773
23148
37048
12244
3665
43718
39438
43331
5140
13297
41133
46172
8500
19665
4122
16037
1096
7576
33117
9115
14565
44416
37515
7816
23462
41528
43397
18274
17111
9568
19249
47422
1893
2592
8605
23446
9785
5921
33706
49344
13275
16693
46674
17301
5499
46099
13440
43079
37126
4808
30437
4321
45562
15999
35025
46190
23430
4626
45539
41966
49186
23253
25798
21722
46110
46631
26502
22445
40065
27060
32542
22697
31873
21588
10925
12888
30366
48129
30769
25747
21826
44619
3177
16843
10003
17791
35148
4952
6421
19252
40678
3375
38956
49936
24897
17223
20860
48157
18064
10679
36773
25281
36203
4764
44267
25414
18017
37519
19316
44476
35358
37204
30242
17731
21576
31346
27653
47075
12600
46547
35137
33436
47144
27269
23092
13239
7474
15067
30648
12222
19705
33709
4825
48674
47078
18371
11195
46882
41033
38817
12383
31331
39536
3796
48172
47585
17921
7396
598
7181
24841
3996
12439
12500
14375
2861
23
38709
35171
47269
19109
10092
11644
22447
4403
49415
32898
37959
32061
41654
22915
27054
20282
41571
43456
12249
17346
12966
19501
24258
32588
19859
27062
33646
10274
42085
35740
45626
17912
31015
9848
3153
5265
33138
5485
5874
23604
11435
46255
22533
13769
12725
41767
25336
12732
25462
19457
44924
12530
7782
48888
42413
45768
40173
24294
6572
17101
24378
47249
40240
15274
49911
32444
40677
18233
20984
47868
24954
1420
5435
4816
7973
44142
32106
11719
357
33039
9742
24773
46692
10057
46941
45352
43431
24559
38662
16519
46132
38236
11215
48480
44408
12728
9110
4378
22436
7564
17517
24718
36654
22171
39531
2308
21312
49286
42098
42267
5512
45881
12814
48878
23494
3248
21787
45448
36748
32982
47195
1223
7373
2323
42052
29762
15736
11699
1716
40026
4211
22076
25253
4873
28474
6361
24636
20165
41028
44164
48011
15481
2729
5201
17869
48789
26883
27475
16442
28235
5689
21513
4571
38470
13245
24964
26239
2705
17693
39235
39427
31009
14693
6617
376
38867
23670
13874
6341
33496
12137
6988
4870
40128
14582
27670
1690
36513
44737
34050
35557
27909
29200
21338
49770
32530
15504
36376
47025
41826
46689
46533
20424
47366
2972
27985
9498
40781
21125
48172
41432
9824
1234
43734
5520
23818
22006
3692
28139
23687
26309
27112
2054
30164
22094
36380
27225
34999
40069
13568
870
42529
14026
12731
33314
748
38556
17163
14378
34214
32204
26388
29332
10598
32828
46924
22525
24921
43131
28203
45765
7447
18042
16097
33397
11045
15208
46941
28900
14956
17154
1376
14661
37023
27347
29565
28112
20416
5295
4097
46703
24460
6117
30261
14959
47796
16714
24639
24973
49402
12042
2118
29596
22791
21441
13035
44298
17803
577
13780
49147
41885
47099
42856
10587
2248
46391
20947
22704
18766
25612
11826
25232
9130
33172
22425
14994
33210
5459
44137
90
35382
25709
7919
7522
48275
25284
46943
25558
15938
45444
49685
38822
3683
11138
38842
17663
24858
34401
20798
19706
39003
16606
3356
24288
824
42809
32555
17930
43986
43164
17332
18621
12553
15431
34673
29597
11625
37977
28801
18947
29046
4149
37709
22081
28286
13442
24481
36161
21530
38154
16434
28285
8551
39692
43269
13370
29108
18573
22400
6170
45559
1338
35548
37626
13625
39740
32346
8444
29678
38311
11039
7081
32064
17109
41377
2862
23136
27304
24037
8085
36476
15506
29279
38377
11821
23645
43999
7815
6348
15215
38030
39776
40135
22590
45998
45521
20266
8319
19324
33168
35389
22259
8426
45751
46001
35792
13043
18841
2134
37460
39725
19055
48616
2898
40895
4921
27061
29122
19089
1548
22152
22365
38838
48257
26065
22845
40945
44279
6689
27138
44088
30785
35272
41472
23215
1859
24444
48298
38181
17704
46112
9988
49167
7409
36062
5401
18079
32148
46593
31681
39042
23178
15150
2196
15254
40416
49996
11841
46212
47205
6307
9584
47978
41336
4546
718
45162
44261
27883
16684
29164
26503
39430
47787
41368
31420
17635
28792
46942
7070
19600
25975
16336
21402
28140
39107
637
2809
11402
49528
2974
48582
16948
30933
47319
36743
9190
22774
19927
42938
15880
38093
34101
46570
49550
29944
10798
57
9631
40663
31896
18317
44951
44200
39414
9994
49462
19657
18665
8260
41449
22331
29213
3804
6352
32733
34339
27082
18505
13172
15890
12435
15559
8231
24810
48634
14890
27793
1425
12261
43136
36860
1737
45885
34033
6223
17889
44318
29942
25643
17080
19750
40168
2475
25007
11922
44468
45976
26364
22908
36325
25907
16110
17351
15750
47313
11309
47067
33769
33654
93
46820
38540
19
19964
49425
19749
15178
30467
12882
26118
10154
26143
32154
42362
33576
6755
3820
44162
25555
46261
33052
19855
20663
49434
10628
26970
35926
22745
15193
21947
49386
30415
30601
43674
9723
3144
49369
7607
33080
19467
26636
7361
49879
31705
37127
14691
15570
19155
38311
7930
17499
37304
15152
22232
34178
20129
6496
16886
19395
12651
12739
21554
45215
25967
43138
12149
7561
31674
31884
46672
35142
24952
43791
8803
36980
42489
29003
18642
5711
47386
14290
27759
413
10510
7442
14700
11717
28482
38367
8700
13664
20767
24590
39251
948
5228
25079
28978
14934
786
18706
48277
38768
28837
49786
5716
22355
47930
29237
18090
14956
33348
12693
26027
21733
8413
12546
9221
17586
35484
13011
41419
22463
24304
28817
38459
23541
22568
27313
9464
5093
12659
6507
24487
7825
23969
30617
2623
8481
34905
7519
46915
43335
34649
8757
3589
29527
46191
5623
19169
46992
38856
41011
39274
16656
37976
25071
16847
33942
23129
13465
24680
45983
2896
23591
34347
135
30108
24757
48316
3352
24701
12634
1384
44603
1766
12662
3734
22277
25093
37171
5331
19838
48794
48527
30361
16938
26542
10884
11525
12220
31824
15720
21274
42994
40172
47950
7585
23439
15991
12619
3052
20259
10799
6377
19300
22107
33315
6582
48393
6885
7645
782
3431
48986
5988
13827
4320
30412
49928
34338
7336
21917
26285
48255
7993
37928
1947
18650
37445
28503
14303
45071
18809
46016
11284
42382
40962
45358
46687
31897
35097
45090
17054
22326
49205
6913
16014
4085
37882
39876
35268
8522
15962
17505
42412
25436
16540
20849
32472
44054
46428
44993
28896
23151
22745
18751
43945
47986
4241
28788
40348
10371
30790
40382
37213
8991
41250
34631
3178
36875
24595
13255
907
49698
31155
32354
18087
13251
23606
28420
3321
4460
911
22501
33484
35878
7200
8970
5651
21396
2372
20843
45361
38925
30706
17855
1235
31425
33794
31409
5374
443
32623
36559
10026
8677
28534
23473
13228
34861
39215
39026
23139
10502
10294
31990
27523
40359
49503
16158
26393
15821
46927
2310
18596
2774
29404
22920
8212
47246
14974
48335
1156
38789
14405
49712
25798
17186
21382
29640
3905
3393
48648
17940
42776
45388
28578
29995
8646
14762
42660
45947
44802
28929
8083
48597
14221
4073
21109
47201
12007
33452
45854
39765
12319
27822
38787
23964
15777
12356
46781
3827
47953
8935
22256
27818
48268
26366
37889
16187
34267
7282
15667
10785
40398
46188
3116
1585
45565
25575
43512
35175
2310
11742
42053
160
22488
25321
16173
17977
11699
7199
6855
32861
12728
43494
25596
27515
43459
42274
46373
37644
5188
7480
40154
23350
37972
45375
44525
24522
23239
13039
16983
2641
27149
15214
17709
41279
48060
32593
15907
43815
811
49710
2379
37233
18599
44360
7585
38120
14945
9686
27920
17005
6512
42445
45844
25720
40622
23675
49973
27968
40358
32074
10328
15916
42265
16764
46254
17822
21853
12097
35737
17457
33398
8481
4267
43989
22178
27949
3824
12302
1954
14403
2474
45444
41730
1857
114
29338
14179
9436
2041
41765
36837
39187
37137
47734
47483
19786
38155
6364
13682
33008
29453
43621
15958
11442
2387
14105
44726
22833
572
9329
11612
26167
23778
9231
29660
23301
27990
9216
34720
37566
14342
39308
20074
21998
6850
49481
953
20583
28956
10027
23146
35094
14523
8204
11798
38173
38635
48346
6673
21545
43443
32370
45844
20389
47573
14415
21574
28139
39722
5070
47860
44511
43763
22625
46584
23636
35094
21253
44423
4936
32862
19895
23736
9603
43044
11727
10739
25551
7965
37744
16513
48967
8023
7202
3430
22378
19133
978
22769
33113
26051
49247
19971
16547
14676
31880
49364
12441
32304
47529
24889
21404
46740
30325
42699
19753
13794
16656
14142
47659
30168
15578
49069
29875
8823
10024
48479
8870
23715
30272
28713
48960
13882
29733
28550
14109
25858
34663
25462
44555
25089
3890
848
36576
35543
34608
20372
27917
14645
20691
48077
25979
12944
6211
4913
41420
1047
24008
18825
35102
46231
1740
24014
36680
393
7108
13153
16018
28662
30362
17614
20273
30553
12024
27842
1464
14234
34084
17795
15425
44224
5462
43594
15716
25305
10403
7925
47255
14439
232
21396
34259
30394
32574
18338
30911
2399
7359
37622
30665
34963
21339
22915
17410
29808
44662
6501
4422
45893
29929
17702
49008
1502
18787
19057
15785
12484
16563
48904
38448
5337
11789
48284
20289
7530
426
24778
32807
17809
15495
26355
44448
47374
1580
2862
22897
33802
27665
5323
32846
24470
37528
15791
33438
10727
4068
16695
6920
17366
21057
14012
48462
1038
12196
31447
35844
31195
40526
28056
22733
24502
82
15521
37534
3751
32716
15515
29227
18817
44293
33224
49518
19021
6906
13063
11440
23523
14670
11060
8502
19026
35870
8302
36212
40846
26973
40312
18188
27881
27738
34717
32473
27423
3908
47859
30184
22351
32297
20364
1019
24473
37466
27469
7863
12956
43856
12800
8688
21739
38942
49862
44145
12299
31350
34695
30001
1218
5204
24292
18798
49232
39332
31931
28357
10210
4683
32111
43357
22034
15758
25420
7202
48242
18617
40358
17642
24685
30025
42383
15994
32045
44944
33229
9054
34499
19178
3669
49670
829
26379
2663
34047
39623
26992
11946
21317
7701
41185
41138
11471
32623
12764
32368
44103
45058
1230
31134
22734
13153
44119
23667
9409
32883
33083
12469
35918
43049
27809
47016
27249
13806
7098
41186
18865
21275
4122
2648
35917
46120
15479
31140
37187
43688
5539
43901
49132
22476
8820
9139
28176
37166
17901
13350
21037
14151
377
19284
26565
5465
37695
16218
15662
2074
32702
39073
10714
6377
43628
13831
13806
41532
6328
17073
40183
2996
41695
8407
30996
17847
21624
17095
48454
46160
1552
7185
23534
33601
17119
6103
3516
33956
32667
29630
33785
33779
42406
41024
25647
22963
7815
16414
49573
15005
31211
9783
28547
32280
33047
26582
45347
7926
45701
15613
5260
28087
22543
47121
41065
23697
1695
30655
38986
27199
27133
49095
29906
46727
6859
6943
45133
46924
30011
40602
44557
25015
23042
7060
44152
24233
36890
3371
14888
45082
42209
41529
25906
21735
4747
5129
35834
12983
9699
44417
29365
43759
41163
42373
1269
14470
848
37364
45579
24013
1297
19937
24297
43856
45085
31519
47113
3882
48151
27276
4157
1753
40006
24587
47735
21159
13617
2504
43838
5927
48888
14163
10355
24946
31920
9527
27297
41128
41011
47594
27819
37722
20623
2801
5245
14542
18340
19583
36526
11593
41929
47474
45323
12445
33245
29148
7010
42442
42594
27120
41622
35769
12560
39923
13883
33225
49167
15121
8331
47722
49416
34262
22285
46344
27481
45126
45084
13348
25576
55
8693
20469
18351
24421
26957
34011
25684
16034
14119
12882
42914
25343
34819
40342
24931
41183
44559
28396
29732
47959
37608
5961
5126
15246
44019
42766
14070
34168
32496
37399
23281
9484
45363
44713
47640
16753
4930
34670
17058
14365
37980
7558
38113
5412
16003
37249
38971
22145
30803
10268
37546
9200
45955
26769
29568
25390
7331
36385
38598
49324
12292
17444
23182
21823
4840
11970
13123
23591
28998
46077
13548
38252
11154
26849
2698
47061
14901
18889
28683
15195
24160
25874
16927
17957
41029
10011
25207
43267
28185
44859
9683
587
28246
47772
22237
44786
25615
14826
40199
22020
33545
10818
6583
38160
15995
36925
43826
36695
47553
19628
7973
34877
9823
6880
43142
10828
48648
10118
9556
22459
22720
8405
14787
24677
39014
19561
7618
27865
6877
42127
23344
46673
13206
49415
39947
44187
4940
33148
31833
22397
43378
8352
29194
12338
16518
13798
35091
41201
14773
30720
43547
36774
43680
39458
17636
17556
42300
9785
1155
9143
2608
17509
46043
20070
44982
19769
11073
46470
27586
43119
8652
31390
44048
12906
18813
41492
38041
12452
31758
37448
28960
21502
32483
36855
49953
6513
32484
29956
4143
2572
1829
37961
21172
43469
24221
4738
29479
42119
15197
28650
26681
42425
1716
37176
7679
5857
4110
32414
2336
34599
37642
34860
7919
6461
16798
45513
9048
44430
17176
27118
20849
20329
34207
12122
12336
24574
9579
32903
35618
48070
27739
16382
14664
154
2971
9425
16008
29643
41227
46535
10674
29760
43862
23984
4135
44121
4314
21812
25286
12206
18431
2931
3852
24988
34677
42123
38784
40025
24382
12739
27744
32938
36043
18462
13503
42352
32911
33239
7746
47329
41580
20683
42678
8309
17493
10163
45519
34050
10141
9825
12725
39629
13549
44678
7510
22996
47929
35903
12697
47846
19980
17860
23869
2529
40393
10366
29816
10445
23375
19510
17332
36097
3137
25324
39253
6773
7303
35981
9264
15043
49230
26981
12784
31436
40542
9548
7310
24316
11533
29242
41855
17817
17706
49097
21356
18573
28489
24694
8072
21376
15273
31994
15199
45883
29468
39887
35701
20343
15261
30164
6239
2341
49839
27409
5906
33494
9594
7215
1241
21339
22598
12367
24455
33479
32196
18108
7007
3964
13231
46974
30474
24442
22457
45302
44449
37631
27932
7556
13970
2313
44083
17896
18336
37963
49128
5891
1863
32185
19101
8467
6909
12321
2319
30558
34740
13015
27728
29082
31340
26013
40058
3841
3587
45663
41211
40158
8479
29651
17829
39897
5112
44226
23983
3144
40529
21529
34668
40334
8338
2726
8919
30552
4659
32216
49559
29340
2723
30593
38111
47055
24153
25198
39271
46921
9262
15848
38598
7751
351
114
2635
49365
39097
37248
11243
47110
46167
43345
36644
14799
28170
28179
37480
38083
11558
11196
15143
6512
21432
18564
7824
10668
44293
30555
23456
24087
12589
25495
18034
22550
8493
31750
37528
49293
37370
15427
13260
9921
16032
45912
10468
28248
38006
1966
12376
39681
41399
2910
29058
19636
21402
24273
33289
24733
47946
27658
40211
37420
34847
47575
26078
6374
30526
29557
27506
47966
37027
2869
2385
44584
43015
14160
26453
18406
2407
17953
28917
28938
17764
40587
20525
15180
43738
214
6139
9904
42351
38877
40970
29780
504
36383
38609
44248
25534
28591
21807
31022
45449
14917
40082
1010
33245
12373
18875
17201
9314
46407
44185
16805
40870
45960
46201
5364
1220
26919
35704
9858
6210
8341
2344
4875
1436
23447
31810
43555
28914
17579
28543
7877
23029
15279
2152
13443
48610
39541
4958
27638
1861
32753
43093
17416
40487
31839
18466
39073
33456
38958
18483
48900
21738
41666
1570
16901
1474
23394
32168
21989
45473
30313
12906
41705
31130
12679
27954
930
17477
17152
24096
45044
12669
46749
3711
11538
22912
41715
44945
42356
33728
47343
25252
29431
39700
6860
41642
11019
45269
49115
4580
17656
2570
34539
47232
445
25705
4291
28040
3444
42524
3454
35821
25878
861
4260
2276
37494
29346
18499
8811
30178
44893
25295
4122
16455
2477
17438
48741
49956
20744
4082
1296
28953
41586
5398
34011
37383
26341
26816
27549
31592
14240
38055
42629
11292
38637
8354
13835
27149
43866
31669
1433
43786
42131
20893
8893
49726
33344
38707
3159
2072
33895
48532
18402
34012
11137
37871
26539
27384
30648
38086
29500
13019
44794
40162
28322
33676
49882
38113
9755
12649
20715
42909
49841
16023
28349
28297
27690
31219
23001
6413
21072
3582
2022
28250
43767
47158
30238
41976
32111
41839
45636
1304
28587
17988
18094
20818
7039
21400
14219
48978
49593
7639
18548
17836
32732
41776
5126
23824
45364
19828
2904
38528
30129
24921
6047
41133
9379
46316
46614
1780
37244
20874
38922
353
21510
14420
4911
20051
29398
8132
7259
3537
40637
13616
45808
12830
7325
49329
8375
21791
48492
18202
22822
11545
43012
2400
26763
25423
20321
25768
47723
16488
43582
48413
10320
27402
843
17105
12199
1267
18178
25539
20540
26971
36317
6821
5193
4355
9930
48148
16575
33995
31154
19569
4815
15638
43413
42422
30183
32751
14348
25128
14046
40324
21530
42099
8756
26117
3045
18908
3525
29489
33598
38643
39085
44629
7985
47317
45140
43650
13122
10624
1637
13969
30563
9784
14613
7316
14948
16176
38913
28543
16619
34932
35425
5702
26183
4659
46198
22644
7436
25006
41172
31851
44780
22337
28836
31898
1626
27347
18549
42047
37560
13195
45488
6030
6827
15788
32738
37547
33864
42364
44518
5610
32955
31032
6122
7418
35111
25087
33025
24067
47382
20027
13403
32817
27880
39360
6348
27475
44833
48419
46736
33438
47498
33596
40018
38629
34825
4695
34059
28709
34827
31532
3813
14056
9815
1927
5846
13216
8172
29301
40330
36780
28483
39711
16227
26877
26134
41210
5170
1998
47622
32360
41383
3095
31124
31838
26041
43283
25814
49910
24101
5830
30112
39566
25631
34200
18752
39386
47206
22887
5876
30568
42006
24789
41775
5585
40019
41765
18171
40246
588
5642
36392
49332
13886
22300
9639
38564
18779
43979
37545
16661
29996
40307
37336
8464
27436
23652
6082
45636
17195
3350
23315
21259
43883
32916
16400
26096
13805
36682
13429
48535
3445
41271
5271
33927
4901
38074
26251
33225
33828
3911
45509
7523
46716
48771
20881
42932
24241
22698
32302
39619
40478
5284
32780
23304
41036
39407
9618
5039
1838
38069
8157
32879
11918
9773
41930
22478
29106
203
3677
18273
37754
31784
38605
17357
6093
15060
12180
18876
4858
29561
1738
14838
28761
21644
38990
47311
48892
40564
23268
19721
8645
20143
14792
24305
3757
28317
6709
19659
23059
47592
36263
42833
49899
46129
15797
23083
39154
23001
14767
23699
41610
32258
7583
34392
17767
40212
45502
36765
10430
13551
13590
5205
18617
21534
140
34686
28982
36861
35245
9432
24125
46734
32823
18280
29704
15077
18176
12656
42115
6210
28210
16976
1932
8092
46519
33725
17911
40931
11084
1490
35988
30905
46714
6357
35677
13026
11194
17073
49783
8298
21370
44189
16832
33714
26114
25903
6176
44192
37171
11391
21190
43748
25468
22320
33498
23412
9132
39571
7730
18846
4510
48772
49811
14088
45672
19941
49740
41767
7974
34285
37241
43002
16990
10008
14251
3270
39744
12129
17943
18719
37421
24077
879
9359
32192
45722
17701
27702
21967
6640
35623
30773
2419
29433
15376
9137
20161
13445
49161
39959
21901
37843
37438
3255
8057
24312
4453
30953
28800
16378
48414
30187
4881
14183
41098
34469
26760
4912
46518
41916
10863
47882
18746
14189
19368
27467
41976
27521
32200
17419
23851
47384
42786
13222
43601
19318
36659
20014
19129
28062
13382
15339
45251
24111
22375
35268
22540
25470
23563
18108
1778
17463
23737
50
18044
5783
30047
10338
37514
17012
6907
33554
32369
43882
23342
7916
11839
14844
1630
9756
44714
34067
6032
19876
36696
49370
35259
13839
39521
23986
21826
29608
44228
19597
36206
37066
11190
26080
39284
45439
37509
326
15707
7058
2396
27532
33283
40566
34683
41316
24835
34841
23410
16730
13893
4617
14141
8848
14443
25226
35844
3903
30659
22900
13505
40187
27994
23240
16236
36246
34670
36427
42485
31955
16889
22977
36226
46437
23216
28409
22528
17911
18184
16068
44026
25219
41401
44055
39698
22878
38815
18013
40388
5956
14215
27767
44386
47006
44689
28901
45983
9562
31817
40638
19451
38167
8398
38396
18798
18350
44433
16048
2022
9816
34787
11352
26683
10423
35397
13069
37533
49658
41620
44877
26083
48778
37823
17412
25769
1915
26635
12742
25438
43371
49574
25061
18797
22960
13871
37684
20243
35517
17907
46358
26349
29787
4991
25733
18100
39591
32468
32754
31221
7648
27668
9944
34709
11067
48264
33016
28094
2002
9832
37891
19025
37703
5881
31272
11271
17993
3796
19923
33125
6579
14975
15087
14675
22019
22186
37085
45005
28827
24834
19222
46494
30665
24804
47965
21708
31842
26035
9847
36799
45544
15834
32
15607
6552
20786
20823
2288
43865
15182
48338
27769
31002
22560
12159
12772
27804
42961
34443
16832
37469
48593
12667
26423
42221
14573
15514
26575
29605
44484
12901
23797
21243
11016
2319
32584
45514
44419
395
24214
33598
44623
37124
2027
4864
11462
4106
39374
48356
41299
1968
12898
36939
27364
7633
46849
9381
27323
26315
4535
18617
5107
20617
10665
5228
1932
21480
21382
43014
9542
29232
25799
47833
36148
13039
22525
42229
40634
9002
14835
5535
49126
35140
32892
48542
39376
38561
9487
10111
9700
10260
45902
47127
47046
49876
22162
3974
21487
16676
25664
9589
46783
14703
23276
22915
10699
33207
46102
36669
22031
40792
15242
39605
7218
16448
9703
37082
31941
1372
7
33998
38709
31327
18469
24772
4319
25594
39365
25058
2963
582
578
27680
12140
14328
47314
5392
3769
36366
43314
17274
9020
4200
24410
15408
43881
587
13211
36677
14703
43651
42583
35265
14539
40767
45981
18876
4039
4051
35343
23163
39103
39396
47611
27375
12618
41634
47085
26160
39385
47786
38518
16198
13240
40097
24852
35636
3498
36612
37207
21918
32829
5933
15998
42599
44930
45256
7443
8050
41992
38091
31709
4913
42600
27363
32879
13576
1011
23108
17841
26854
36903
31129
35480
33005
28762
276
35188
4966
32649
11200
373
39139
34623
45689
17528
46893
9814
18160
37656
19424
2461
28018
8564
31272
31258
48975
7536
21063
2829
32027
20909
18654
7798
34192
49378
43989
49988
25296
27463
17383
41712
45669
41231
26418
10974
44903
6480
48375
18659
22142
41476
36078
22292
20766
19127
42227
15584
7697
23352
23866
37141
36414
35209
23232
15602
22746
2545
46549
47719
5715
41901
13715
10528
134
40704
22550
40865
42601
2191
45560
49144
14614
32538
6725
2172
8553
15439
22657
29897
31281
28534
32881
33494
791
44258
40295
42542
22866
17799
15510
13117
16038
47957
7459
37307
2574
20197
4380
6840
37478
26618
34712
17119
39983
38241
20211
27372
15798
49133
45542
21034
28382
44998
44686
36357
30738
43616
3236
46297
3076
24106
28301
14269
46344
37821
26100
27505
27498
5720
13399
21985
36576
31956
16800
18167
37875
37475
41359
43643
24144
34262
40406
28513
38356
32965
30119
15003
18854
550
37187
45756
44103
34956
8466
10605
40376
24411
17988
49983
13316
44141
15130
34099
47755
37262
4015
14739
18458
27348
8491
27002
11957
46748
48145
4100
30232
10846
30177
12383
46392
22653
40882
37981
18375
18418
21275
19697
31269
18947
32028
22978
2927
42573
9392
19838
41361
21137
21681
20283
45181
24700
9888
19306
41111
36802
7152
28072
29321
43587
18257
27780
45983
6493
9575
4331
9775
1577
39338
3565
42562
41622
36030
39952
32616
41604
38542
46160
20146
14638
17910
22142
30499
11335
24158
40328
22703
35075
28920
17077
33081
9095
48013
5585
30716
14605
19498
30315
31694
37430
46978
4940
45995
18870
40804
10125
47377
20333
44162
29258
28352
3515
44405
3159
49460
42825
43787
3162
40876
40411
8228
16468
46723
17131
29485
16016
18435
42376
14867
20486
3983
41102
32907
24943
49677
5144
38352
30271
27773
16030
9424
36267
27570
38696
44894
45371
49315
43139
46773
6114
31546
6084
27063
26650
32698
17114
11851
24940
30305
42309
13629
34322
12284
20474
47859
47459
14607
47224
45724
48999
9340
41553
6204
48113
6207
45775
33324
30951
32603
49665
9444
43031
14971
18627
46334
18258
33241
422
8487
17033
25967
27110
31558
26046
21590
11520
23103
28437
23133
40612
1539
29972
10586
27272
25377
41033
4744
43897
42008
45288
26151
20525
30893
38787
21786
6372
25652
640
35213
44231
1965
15194
5773
37679
37384
49192
37181
33067
20981
40071
25542
31274
38431
16116
34890
38746
24435
33889
4360
23213
49157
23495
41211
1948
20905
44198
17531
35672
27607
5859
48922
23864
43236
37071
19178
5636
18347
540
34958
48929
38190
28609
47069
2366
23717
43049
45952
48549
7434
45374
32937
31154
43444
43906
25343
48448
45691
10498
2141
26137
21489
25699
45731
38516
9623
32268
30096
16747
46015
44638
33664
23429
16008
32574
46771
20649
37410
47443
21984
6826
25260
46965
32304
170
26241
32688
30353
1270
38491
24462
48918
47202
11222
42124
46151
14567
91
13294
42066
18508
10135
3705
30928
3708
31478
3703
11723
46951
47169
5200
20686
15348
30660
14484
8994
10524
6576
5021
8606
31740
35400
48559
39498
43250
19571
8763
22822
20572
44791
3947
32261
13781
3562
24209
7059
42072
32806
20070
31890
45326
15574
3709
46704
44902
774
32122
24478
29224
31228
20625
18278
34241
32501
44408
10918
41006
17032
23547
10081
24745
47652
32403
16960
23066
14848
15910
23022
47518
37357
32133
6403
1927
12237
28698
5240
49367
38185
15854
38016
23048
11903
46983
27405
2701
28934
10311
11098
12945
15546
29232
7448
6084
30640
21351
43869
35362
7825
520
49616
42651
23093
46833
37452
1340
26531
13215
6586
5429
21284
16594
40128
3919
42993
8027
22681
36205
26978
30937
18109
44
8299
13540
25909
27067
29007
21024
6415
41486
33713
17309
38737
41732
22798
32773
39130
2710
49050
31569
29936
27769
6688
28366
45096
30167
41282
38365
29445
22236
4132
29078
14521
9370
17815
38335
31892
46774
29979
41843
23262
4208
39572
16345
27422
17749
38702
15028
42511
47691
10498
943
1552
166
22452
12508
16743
35137
13214
29786
15028
23018
29334
28235
24591
36596
4995
44034
31391
48732
35551
28715
6870
44090
46811
13895
38521
36686
34757
15962
20693
17553
27282
16475
2215
33946
9347
15475
39398
36452
45263
8182
16234
1319
33885
36826
8598
13662
22960
3630
14914
32757
14708
42866
33727
46641
13325
20664
7782
5063
1583
41883
31206
13427
14784
822
22723
32385
23140
15594
38022
34548
11575
27103
46343
42321
30273
31874
31485
20093
26709
5929
39858
31739
1362
8678
17248
13055
17401
3975
5414
29998
44020
2737
7468
8251
17791
48338
37077
33872
5013
1651
10684
29035
25198
36958
4178
5206
31810
4833
25786
40347
27260
38703
46982
7661
3903
19617
449
35249
31006
19620
26375
7829
13766
21684
46760
5898
7627
20409
920
10400
2456
1790
17166
10142
26488
44548
28015
43328
20341
32867
13231
9093
28117
13506
25431
46613
14603
44308
11685
35818
12491
14296
11204
1655
37551
41512
40199
42178
186
4705
43361
44330
5619
20378
20100
33138
19432
25009
8860
34366
47383
11364
36566
44909
28014
19414
8838
27338
15722
37280
49909
2915
35487
5572
22672
20686
29582
28905
31551
34077
39453
41485
44001
30799
9115
38032
27734
49996
15441
24476
4546
34737
23480
15273
15552
27183
27942
1057
14079
14742
22745
38259
47678
39026
20680
3006
39242
30099
28709
16492
44146
42385
36857
3657
28665
24242
29901
1582
9972
39516
16023
31007
17121
241
2836
10936
37024
40470
32011
11065
47292
12297
37084
33474
12661
47338
4038
17299
27875
36524
29636
15862
16606
15084
21977
37115
42281
44863
46561
9968
14778
8115
5443
21282
47736
27362
20597
24421
5301
42862
32184
6229
41456
9166
18936
41907
19239
28762
1422
7832
8520
23223
45410
30608
17724
33380
22079
33929
46087
9009
32800
38154
28389
14820
42939
47930
4990
40477
28472
44390
34702
5233
20104
8685
20057
10229
33032
21386
4691
1311
42858
28961
38949
23255
21635
10015
34486
20325
18803
11100
11035
7552
15909
42602
26874
24889
787
41891
38620
22703
24680
26195
40026
1502
21791
39610
22303
24233
39234
37773
22463
20281
42620
26522
42803
27347
14195
12017
19629
35916
40263
6450
21971
16322
30122
42832
46437
20019
41237
25526
25028
7788
35
6335
9390
5825
4745
2579
15657
33348
14595
41245
6339
37064
22975
4094
21979
29717
16035
10037
40935
2827
49286
47002
6396
12839
9245
16223
27877
45517
40313
40818
33987
41724
18182
10189
30235
31690
37211
41328
876
32729
13330
20369
8858
34711
45804
13711
17348
8817
23683
14385
7558
11300
1162
5643
5991
11824
41846
1170
17023
34435
44011
47820
49191
2723
37339
31201
3443
34382
41169
39250
39253
22109
20997
46013
27704
14270
4413
20934
29348
8784
31369
47349
44715
16104
12702
22046
31194
36605
39240
22004
49060
14573
39303
41355
38592
33769
10994
34467
10048
38200
45804
15570
11545
10050
23457
15122
25896
33049
19649
39537
42292
28149
26793
31087
6901
13193
23280
4565
34311
30574
5835
23142
5602
5053
19453
273
44578
39093
4474
9749
2685
31144
34218
8655
6958
47021
5531
19381
47815
32694
35528
43935
46585
47689
49408
14438
46352
37613
35539
42429
269
28043
28538
40347
12203
8404
19838
28755
3909
26391
1813
30224
42566
27480
49998
41601
13157
7658
43497
27280
34674
36254
306
44341
21648
11902
2992
6984
10724
4713
25803
47369
27949
24520
3906
4299
14802
4083
36550
22936
8228
17790
46350
38551
48496
29496
5741
12688
31808
47156
45106
9933
38862
45301
32362
12845
27061
6822
29627
39974
47052
48547
36537
31431
35119
24691
7552
47157
41249
3827
27704
34757
33006
25016
21316
47305
14497
10245
35763
18883
41642
43327
13160
44994
21213
41056
30745
33743
41410
33252
9798
14546
38895
16225
27816
20308
17141
9053
38473
4967
24311
30194
30200
20462
24277
16159
1773
33311
47906
15067
39
8635
46843
13932
44517
47003
3853
18842
12215
43463
27503
40670
45890
10696
25770
7042
721
43602
2256
1592
23287
12041
29115
42589
1916
11832
19278
38767
41678
37800
11274
28438
4104
17072
14702
36741
40529
39540
22725
40944
15375
46500
4419
46510
23493
43238
2031
34376
30336
39017
21154
9490
35628
29748
36484
45680
43676
21023
14548
36708
1003
25007
3660
36291
36026
13850
47486
2979
21967
35409
1313
32741
28959
22840
21132
34017
6329
33808
37903
2298
21902
44079
9980
36067
16459
21534
15137
36387
28919
31991
6452
13135
40425
38026
25975
1912
13079
29297
11886
25509
28206
35027
12442
33692
11395
44952
28962
25702
5531
34945
19867
2849
16375
3342
35117
33473
34858
38169
24873
16526
24717
44095
22281
12120
11689
18868
48488
40708
34589
23209
8088
13160
18035
12419
28454
11163
25100
13667
41652
13791
49212
43303
23923
29359
48410
3654
37636
14254
10586
1921
32435
1440
30117
15117
15965
14265
28937
29772
15042
12032
23100
37660
46010
36722
7946
28257
48559
32169
369
39097
2267
44444
42890
33398
17653
46668
22894
30820
10391
896
39414
20384
32300
19861
19130
24884
24261
45509
32652
29518
49067
27576
27704
4418
46985
28118
43508
25908
10563
4956
15087
998
30338
24076
35391
32284
30626
40087
40695
26414
39091
31703
31480
13261
45437
17053
6183
48490
35318
18260
30440
30693
11192
2977
19212
46513
15883
2422
38463
15491
34744
30165
9479
35827
21249
33166
32212
35217
41582
42083
10074
40199
5716
29740
34461
24956
34664
1273
18245
35012
23154
41923
18293
43620
19959
40254
22409
30321
36660
31079
4995
49751
2229
34799
24989
6013
29051
4674
25568
12270
12193
24009
17771
22501
14439
35127
20732
3302
11577
4459
18513
8494
19517
22671
16364
44451
29907
22188
28612
24705
38626
4966
9312
39981
29703
28233
7209
43978
9475
25882
45115
20027
27939
19859
14649
1332
47164
3654
23190
4768
36178
33809
2794
2726
30629
13207
30724
41316
22324
12848
22894
24826
44888
40835
27389
18013
32456
39607
12129
18649
29062
47946
40040
42267
38224
42906
19034
26354
36822
31400
24006
33773
26043
31714
8137
23129
4554
7817
217
14754
42303
41978
28269
12360
12271
36682
33254
6677
30580
21910
48703
5256
44458
15784
26420
7802
12796
5209
33243
6224
25856
30345
49084
11653
32820
40408
18124
22154
3570
34191
45289
21904
49238
210
17478
48914
5603
504
203
22883
8692
32770
40276
8278
38795
37521
15310
36786
49598
32383
6558
27723
49009
9102
7270
7122
26497
1864
23612
24179
32210
45690
14018
19377
913
24084
8276
35974
34707
23208
20955
31031
15291
46113
41630
15168
40092
34444
467
32118
34462
1689
14377
2076
48188
32526
22844
29173
10164
25685
20878
44916
25367
39311
3385
545
19481
6873
21542
148
8913
42899
29558
9510
5962
37325
25545
16004
45264
4747
38159
49261
891
27036
34874
258
35332
15750
23191
20813
30976
35286
2266
4566
7340
46813
34107
7280
15460
36273
36728
9650
8224
13689
37869
4591
4284
21797
24492
47398
18728
8733
48408
748
25634
32894
16416
45958
5288
12634
45332
29555
3656
15447
20421
27607
1044
23462
15723
11230
43924
20761
33086
12338
15758
2639
42988
31861
36436
28398
46764
22386
24784
13761
41234
29533
34760
28275
16489
41947
2925
32804
44053
28111
38184
36498
44745
39287
38103
11013
47879
46583
37090
8469
43060
14480
14953
27611
39762
48083
46975
18259
47527
37787
27999
16680
23144
23928
3716
36823
39969
6824
39533
47701
44097
42734
21871
17996
38153
40163
40490
4359
11653
18555
7885
12115
30572
2245
46323
20324
40995
11936
43103
34374
17910
31560
32882
49326
15568
7119
16870
12709
33529
49240
6929
3642
14992
45699
4907
13566
36793
6366
3841
15661
37448
36232
19479
41256
10459
10563
27285
3656
36611
16909
25140
2439
26538
864
25320
22084
39495
7883
28585
47608
29722
34889
43167
14367
42704
47762
10045
22336
29422
28711
25340
37973
1871
22122
38240
14962
43012
8568
39493
5024
18527
41071
27174
380
30672
32401
13924
23977
11110
19106
15998
33171
11180
25722
31357
34028
35859
42774
32072
42409
44485
23694
14769
21644
29295
11528
38030
40992
11776
15739
49526
47008
5520
43702
33848
34497
36473
46178
49380
42317
33996
27715
12731
46193
5260
45274
1992
10974
16189
37339
21148
44328
34266
987
22541
26909
37421
22719
11200
9243
20381
46841
48845
48592
48661
47357
44306
25681
6037
40560
37783
30984
24688
22832
46268
44010
13865
663
23154
1882
36910
26094
45542
25630
23992
43779
803
45778
7017
3137
44971
33399
20657
3301
49642
31161
23477
41904
17392
38014
14490
27859
9190
5988
15072
45463
12440
32456
41816
32075
11562
29868
30641
32913
22126
15139
9082
48798
33067
36736
47662
4611
6655
41436
24499
30968
16386
3264
17127
48746
24195
18344
27368
42281
42996
24523
21447
33596
19643
49508
35213
26526
45765
24741
9752
23098
34682
4056
27111
24415
22596
45225
11366
30450
11605
18170
1077
49160
36468
35835
15546
40514
46338
29652
30083
49103
33544
26303
15793
45021
23179
23227
20270
19033
24345
11940
19409
10700
6577
3348
23003
28867
10924
37444
34279
17577
31390
20456
37441
34223
32854
30925
10249
22300
22532
21029
14811
20525
16008
42467
33984
37085
39089
48958
37070
6904
26746
27185
41976
7419
28703
42678
4586
49865
9804
23517
46070
6769
8914
34212
19034
20315
19855
19790
1295
11958
33143
39852
33560
13446
10392
13639
984
46913
16193
13592
45285
13800
32926
4166
31063
30105
43522
3772
27971
5164
47541
4853
37658
48642
3060
43305
9625
11518
20743
24675
509
37444
1638
14847
11578
8781
36229
41104
30430
23253
30397
20068
36514
44195
39247
18127
8015
8346
46090
44596
29975
19326
9118
48096
42581
22856
22328
8246
49812
16699
37961
23119
6249
37114
7339
3082
41466
15857
35753
2468
23096
20112
38768
46737
49678
24567
19074
34098
17587
22693
39541
772
44801
39376
12886
34034
15321
42789
21209
26274
25044
47186
42888
6191
22941
12247
6845
40355
23792
49883
18441
17067
7302
28031
46220
39165
44535
26279
3508
23257
40464
31176
21665
11425
28506
12735
10646
24476
16229
15328
28554
16227
15894
6056
28415
10658
24425
8374
21455
25830
31232
8109
34883
46901
3313
31886
28684
40044
16221
32516
2
8756
10346
43993
8946
43542
23543
39349
23839
9498
49039
6903
2236
10169
12837
44367
38407
2138
47468
25362
37929
27692
25678
27339
29386
10950
43693
47885
15611
36220
19871
21845
21116
13348
10521
49916
530
31381
3206
25108
35858
25900
25289
39989
37133
45968
37720
45355
37676
1559
44968
44789
14641
45532
7624
12043
10105
48759
32035
30246
4813
6923
46505
32686
1567
24491
30573
48122
25539
353
14399
10102
22586
45724
23660
42157
18818
15472
30875
48854
43131
45452
36284
35911
23914
8272
45887
12980
6439
25049
4341
33693
41771
4154
14143
13826
35166
23114
28037
13359
25507
21562
43322
21252
45347
15999
12384
17790
11661
41213
13789
28190
21885
3608
40728
39954
16028
25409
20871
23000
27805
36177
24280
37422
16638
38133
18084
6101
12383
7214
6748
14207
8129
47660
45289
9863
6220
17729
28829
40550
47262
41464
43519
9424
16887
43561
2679
30373
11596
45597
4352
46540
12151
26717
35235
18762
38507
44288
47617
25967
4859
20025
49635
7610
10112
22977
38509
131
3560
41
32487
6013
13919
15174
23216
43188
46002
34524
25622
26694
2241
25157
46850
37709
40442
49997
11045
8738
47833
41243
17516
20453
39834
14482
47702
3258
28659
23804
1057
24744
25632
40447
3020
14432
42208
11630
31029
45667
41025
9887
43382
37416
19893
37407
15349
10515
49007
10880
24658
39382
21707
40040
23974
1626
16441
20063
46768
31081
41693
32788
42140
38026
30604
11835
35916
24645
47860
15971
48549
543
48752
11963
29346
1190
40505
14822
4426
3509
17615
2760
7654
46809
32339
24844
6078
3482
48824
10641
46072
11549
5665
6278
36633
16711
39689
8803
9164
13031
36915
17419
45651
10921
39305
4926
49114
28734
43609
248
20795
44434
23228
15186
44200
6881
47654
37890
19780
5288
41310
990
48813
26547
27328
16705
7872
23034
12809
31141
2031
49907
23704
40905
30480
25951
41807
43642
45181
37476
14260
20052
47196
26929
41317
38117
9047
23292
36470
28788
26065
41405
42939
29678
33389
27106
11964
48655
39091
11126
10227
30824
4298
27691
37694
23020
6057
38012
30145
35976
28441
4795
5941
17574
47043
41886
2642
46311
48125
37806
18267
37207
37266
28622
31043
8299
43472
21797
4121
16799
17019
38415
13568
43087
11440
8850
21507
90
41528
20422
45232
33977
44188
36953
34420
42792
26793
23568
36845
13741
7116
47262
46721
26915
39232
19500
1114
44221
17924
32701
19406
9361
37239
39442
15825
26062
40297
32038
41489
49320
8696
29365
12599
36667
7089
32054
20537
42247
47924
19647
38855
26022
5019
27155
13650
36505
24057
10260
47719
33883
16995
42700
29838
42544
17731
29296
34318
2869
26739
48266
26787
13663
18240
31877
15316
24254
43856
17201
26760
18080
43788
29532
38860
4361
22705
17670
40398
22194
4060
34441
10696
46646
20243
2566
46922
30804
32564
43237
21262
21938
24473
43889
9029
32505
3491
42449
20038
24438
35198
41158
15331
15187
3453
6014
30010
13972
26979
4199
47891
32489
23044
5336
41086
16899
34157
10533
2858
18870
18532
28986
44880
9202
685
8158
30649
28615
10375
7500
24401
11698
17390
43798
2539
8041
39101
1070
11461
11255
47752
27573
35211
11831
9286
26803
36140
16364
27611
25160
5423
29960
14302
49920
19178
36520
44130
14864
21499
5743
28121
19275
3816
39854
9948
26733
39440
1739
3017
11652
17465
44802
22995
46268
6245
4347
621
28612
24503
5908
48043
10261
33548
46869
27117
36546
3618
9793
40369
39941
8201
34457
288
49314
18325
36464
32052
10733
11799
3542
16398
48101
2467
1693
19973
44105
3209
37738
39786
10333
37732
23677
32008
32934
49761
32767
31474
34173
5168
22684
17779
30510
27975
22304
15725
20317
41516
49114
22551
3701
22378
37598
39644
16428
14777
18421
18074
3754
27674
35143
38514
42963
36545
8449
28685
36314
11536
23948
37614
22689
22798
49419
17424
25208
9616
30631
28944
9776
2283
47210
1912
22962
34869
47873
13886
30857
25741
12270
19545
37970
19402
41138
46156
5497
19784
44972
6089
16527
21820
45008
30062
27797
27157
21317
14050
3231
40533
17593
15812
4178
26630
36941
35415
12346
9272
18445
25907
6143
20566
38377
31574
35611
31483
11889
19250
8515
31124
7781
35693
2996
42527
9106
12560
26837
30836
15193
7229
27572
41859
21148
8287
9793
18335
14561
9720
27772
35557
7715
25151
40296
1656
21820
13045
22181
29887
29779
5689
5771
20470
40352
30163
8875
21433
24304
47779
28255
42735
2337
33366
48688
9574
17434
34803
32220
4604
47884
31542
26038
33299
25154
40462
23487
28024
48564
29463
42876
8251
4122
45183
15347
33415
20981
26164
35516
10066
47314
17781
49105
16034
49070
29648
750
15384
24681
24147
29233
8742
18590
6938
6766
38810
14129
46403
997
12579
4677
36825
7416
10103
3730
11406
43363
25057
8021
45196
30625
32009
26335
20487
11854
17805
13465
19962
17762
33113
37799
33825
36344
13333
31162
18861
32747
12392
22248
27868
18274
35892
9242
11538
41334
19150
19984
45214
43526
26101
49004
13403
41287
21452
31063
12598
20966
10354
22282
41935
22607
44187
11061
7174
21450
4214
13493
23507
15043
33092
26825
37795
6172
23014
16634
37661
8355
20134
8970
1637
4204
34354
29506
3318
7540
38269
17327
48412
38715
31044
12958
4094
19980
49010
12055
25300
23650
27256
16988
33181
31005
47210
27932
26581
19323
11977
35301
12094
44968
45486
48850
4264
48707
49611
33353
9258
18784
14456
11413
2518
14463
17279
4539
34788
14235
21825
24054
6193
29989
2631
37094
27075
9822
18400
48665
36403
26084
34661
36898
17603
14461
37417
45564
5569
42081
31300
27845
11876
33020
19403
5565
7697
22067
16592
10162
30376
5203
29327
37400
36835
28154
40349
16272
25782
8135
31118
1243
2005
19650
38222
8844
49295
10191
47563
2502
17121
35782
27552
11182
8594
22462
18156
9992
2823
28877
45429
1523
11268
14364
32109
27015
44545
15095
3523
48916
38402
37062
5192
29219
43874
20988
48228
45026
18794
24319
23785
42729
32969
5768
31437
13636
289
17366
24962
3127
33024
41341
14052
34238
15247
48105
3786
11865
40893
9869
11831
6421
37142
8332
33914
10026
26129
44201
41948
1666
46510
29080
6144
29592
41396
16001
15762
4989
31655
47944
8355
30828
15376
38161
46100
31186
7232
130
21516
1795
4492
28747
48939
1143
10022
23340
29112
47964
4551
2559
34319
49334
14791
31176
40541
26766
48882
3110
37511
32710
32504
2361
18485
28819
43891
46265
3424
19694
49859
24580
34005
6829
49708
29059
45158
39856
48373
39993
22121
3472
2735
21176
17223
28349
43881
6710
31604
36631
3088
14012
35979
2255
10770
32467
23048
25540
10611
19117
48101
6150
12053
39388
35142
2869
1342
3498
23737
8890
30465
28382
14216
38151
45943
25285
7639
44832
12328
18680
33098
41569
9138
8368
9546
24963
46002
17847
44616
19670
29984
40108
46964
17237
7328
34245
21391
14652
35173
33987
33141
47083
11088
2768
16350
5568
34697
6664
17081
30685
30011
46783
49029
12119
7977
40113
49583
2928
22546
34715
44844
19026
11421
17638
44669
524
49190
28894
49203
28589
17352
26689
10207
34438
36770
24890
10770
27148
29243
9864
19652
9971
38377
47471
4079
15210
14533
9706
9655
26927
26153
35757
28150
10054
32737
11188
22107
8010
8801
2503
48691
31330
10895
34690
32241
35293
24007
31622
27943
11601
1003
47574
10282
9923
9456
29635
37239
11472
8949
27528
4818
39293
2743
48924
11467
26305
4280
40709
38550
20316
12957
38405
45935
41459
43071
44123
2304
40230
36988
39806
26602
45193
19957
21159
10575
5513
19634
49794
30284
23302
20877
26648
28885
13303
7715
14672
15864
28570
12630
40803
17427
26718
24026
37769
22002
20890
7050
13475
4172
11204
39413
3183
32542
48586
29900
31006
42402
29929
1635
18024
37544
26169
27083
14439
17187
23333
11565
48228
13180
1024
37505
11626
1493
34689
39036
41005
28721
36156
30756
12212
32621
24917
4250
30167
14354
26362
17462
30783
23531
24797
41531
3939
4675
42626
20280
24715
8667
249
36425
31249
18379
16018
48675
21677
5711
8867
35906
8084
22806
7853
14103
45427
14563
2956
49910
36741
27624
11040
1878
21462
33111
9717
24328
18979
47209
43853
3802
24569
1235
37469
26666
25382
3149
12058
20448
13583
20034
27294
47122
25400
34250
12896
10387
20631
37693
13241
48036
4458
45773
45072
30369
6846
7964
14086
12746
30805
35947
4805
36798
23529
17004
12436
34646
797
16289
7608
32522
17268
40054
34772
19863
16793
1764
20508
38683
9598
20664
22168
27582
7249
22449
49342
23843
3524
11451
48597
35544
21041
23555
29081
4514
21787
28588
19153
1493
7602
47297
19170
26250
25393
5797
1549
39785
3920
2597
6195
35031
34808
20241
755
28058
25271
13435
31032
17084
46030
23745
46691
23611
34124
47131
14043
4381
29261
6907
16055
17512
7131
37171
1943
49974
10724
47456
46988
24100
4837
9214
24454
37370
26065
5441
40722
6613
12345
46407
13587
33337
6542
29361
9237
35428
45989
39098
40127
2364
38208
36483
43483
41383
19004
26995
1081
33208
14486
48520
45379
44664
19665
41443
7932
49027
17648
15144
5418
31173
4837
9138
25075
25770
40784
46569
2087
45644
2119
27131
29865
42861
40324
42047
36838
17097
34987
11538
21039
21865
31334
25735
12750
2603
4113
34415
1446
38991
30009
5972
28681
15981
30128
36945
46805
30375
4794
47026
4880
35326
25226
49219
3331
45279
22842
4995
13727
9134
40593
14163
31053
37329
24651
26981
34040
49428
27675
20293
18578
13052
13504
38871
34553
35691
33257
8014
23043
25874
33919
12807
47576
34673
13209
4566
1732
2728
14485
38122
4705
34046
23649
22114
44315
32430
18299
18939
30864
22733
124
17757
15696
32900
49551
42433
4651
37807
5678
14905
10075
11199
1722
10493
41359
36298
9248
28182
1099
22339
35160
11361
18896
24634
41532
10642
5328
14087
36328
30711
34347
49041
24589
35497
3431
30681
7448
21205
11517
13201
27179
9343
45963
28448
3155
27089
23502
31300
16921
10940
34358
16606
16935
49187
46924
36656
48558
11934
40392
32251
6265
34887
10311
35080
40248
33241
20395
20954
18577
7573
38177
17012
41680
907
1604
10780
43371
12350
37526
45090
39937
8319
19886
4341
24511
41769
6349
45270
13993
48873
22458
3122
51
27160
25639
32461
4986
26341
39964
17296
42525
37193
32661
6957
44276
36906
381
42605
18845
21861
39592
27913
27133
25581
25862
35324
16033
25700
30436
42587
19249
2541
18151
6532
4980
4240
11875
48344
19660
29521
16428
11565
19584
33335
9211
430
26740
25455
1062
12384
47275
5341
34886
46411
14164
11770
3239
11291
27997
10475
5246
28997
19955
45976
8901
16585
5847
48039
34069
31113
7000
18516
43818
23297
20565
12294
43223
30391
30920
11737
8541
35113
27983
37690
10361
38740
46333
45656
31548
15264
5528
41855
22040
4062
41120
23855
25487
33310
46841
34381
41299
18595
16355
96
33980
2456
3681
13822
14792
38804
48527
32205
18022
30679
30469
16207
40215
14697
36200
16746
40509
43632
8116
47178
21572
42286
30682
5719
39404
3602
18487
8884
36159
7690
44172
23221
49221
16140
4487
22504
35223
3011
33498
41936
17725
7700
4374
45661
19046
36326
2145
35294
10821
25546
18743
24574
33896
30816
4843
40776
40676
3174
49956
10254
7236
30699
3291
8795
35535
2591
31605
15068
2484
23475
35223
27768
3309
45886
35513
3636
22650
22540
46903
27045
48607
16479
47726
18160
36322
37266
13833
49338
5777
9878
22815
30380
14528
44296
46503
24720
6897
44421
8403
29932
2439
24012
47934
48538
19060
9632
13010
7287
33461
36392
736
16013
11484
4571
27999
34996
45756
32066
40018
12368
29249
37308
4511
12807
23267
9590
49869
31954
17424
45736
4825
17562
1879
18987
29312
45196
11643
1480
30895
20426
40872
22674
12671
38259
15784
42633
18979
17738
45783
25993
206
19244
2037
16158
29304
14796
44535
32553
35443
7323
41540
42719
18152
30954
2060
11552
25769
26850
9214
20969
23889
11904
9308
38912
3720
5543
20163
17866
27959
10169
33522
38534
13334
11442
10451
37073
21497
29386
14647
16511
32536
19153
7634
31483
43683
47280
37455
28134
23543
30772
32951
26020
14249
36129
45719
40334
21716
39024
49936
48190
17183
5001
3158
14540
12627
26094
24274
7917
25106
27648
16265
5620
39460
1967
23209
30242
18343
43950
3728
41196
13136
25336
44164
36392
29657
8627
10122
32971
42948
22567
44240
32849
29727
22959
5167
29312
31454
34644
14966
47785
29036
7443
2128
29927
24984
39764
12308
25039
45607
23495
7204
2257
25216
35762
35621
30583
33809
12614
19661
14405
33098
12363
15769
38238
2447
11826
5932
46439
13681
34580
9818
26316
29124
17646
16160
22068
15200
23357
38508
38774
22875
49592
27866
10004
20157
16785
31921
10809
6592
38031
22423
39624
45506
27377
43847
39712
9999
261
32540
17263
26621
27286
19339
18075
43290
37807
32113
49831
24481
20677
3573
3367
44854
34409
32008
5307
44384
44811
8729
38321
28097
41549
44711
43613
40904
16307
29151
15491
41123
38050
38988
23648
19379
38381
17612
35089
6159
38645
19375
23479
11183
23860
2506
12386
17060
13014
40227
10652
49510
43922
20944
16459
7512
28517
27134
32164
29083
26513
445
5554
6947
31838
43862
28744
9328
22088
1969
12931
2096
30995
29589
42446
5608
16213
29916
32412
47833
8036
24105
46898
20210
28217
31868
38041
29036
9020
28126
40930
1061
19688
17140
23849
15899
11761
743
35606
38943
2584
2918
43952
11115
39669
13646
5624
18117
45045
14175
32106
27241
27808
43437
33292
5346
15769
24641
6492
19088
30387
22773
28502
30296
10032
4747
37167
12459
34064
27618
10487
46178
21587
16485
37362
20635
2847
12139
30768
47653
15636
37411
27354
1855
31509
13776
25639
10965
21955
4100
49037
34675
4195
2992
35767
1104
44106
22384
3547
45277
13734
34669
38106
5186
36842
4007
14211
42872
15292
6086
15294
36759
6795
37629
46056
14179
15030
29829
16545
39538
48490
29622
10192
9757
403
23325
16864
20952
33331
4693
40013
32236
49344
44730
45282
14985
42568
1146
13165
27058
18622
47844
14223
19515
27226
5475
21899
43102
12886
21623
6216
8234
1392
45131
45478
24195
15485
23242
3295
37641
35302
4857
2903
9586
166
1422
17829
21208
27701
2541
29825
18495
41200
3082
29185
6251
43040
45724
23860
175
39813
5059
15612
15111
6357
7023
35571
12159
9023
36686
15050
20150
31442
24951
35910
1568
2473
3217
21465
25423
2399
9080
17587
35602
24119
19571
15626
13949
47697
40613
36753
14610
1081
10791
5138
30026
20035
20039
40236
15277
27827
11630
46958
2580
41959
7087
43999
20177
27735
32060
42643
6591
11096
28852
9863
8900
25495
8870
41218
40999
20352
25203
46992
1224
1447
46587
45609
36427
21283
6660
32078
20086
42274
10889
27176
11588
29683
38663
42598
29259
13490
7298
36156
31723
18458
3181
14892
25656
15612
5502
13769
21332
45903
25182
24146
3803
25835
46461
22645
15889
15086
17889
40828
12978
43643
20514
35407
5320
12088
7080
26020
25378
44782
31964
23499
10567
24319
11941
35883
17008
8061
43581
17068
28549
23084
44214
38799
48228
6132
12937
9738
37919
42790
35650
38712
32751
24442
43671
10616
28315
20392
24940
33399
35612
12528
11900
21297
30362
8755
48621
17773
48645
35566
19721
18685
13825
17235
21916
4940
7020
28708
5272
42676
24877
27423
28685
14351
7284
16301
14070
4855
40193
17820
2664
42787
26587
49568
14240
16378
18491
18328
40
38532
47913
37906
42539
15440
18247
28758
9394
11763
47820
49045
28529
669
36237
38812
5862
46335
7848
37
35650
17017
10897
38907
22643
18223
36424
28757
42824
49979
18861
33117
27371
24262
33267
28245
9186
1842
2761
17864
9567
26535
7695
4231
28685
22795
43955
3358
8016
9730
35529
7172
30515
38269
47365
42648
32342
16487
22395
19431
42605
23715
49849
24671
9328
31824
20458
9012
8769
36202
12499
32391
28799
27612
41849
20304
46855
17710
26868
29314
7780
41183
25159
21846
47427
18590
21823
18397
16535
37194
35079
5843
38455
30647
33781
38384
14094
8530
22812
20746
49746
14100
47381
11238
39960
49393
536
27256
1591
39916
14596
10311
40155
31172
37542
15470
34769
23931
42015
47929
43732
47433
49626
818
12371
16999
22478
5439
36439
3522
17747
42506
42660
45361
45982
47161
40326
40157
5953
39447
25126
37808
5071
25883
16305
29771
34707
25018
9530
41514
41030
30285
41604
32786
19470
32061
29710
24360
28950
44393
17531
44201
15636
42722
20834
45724
27732
48752
32179
37256
34948
475
7165
9581
4447
2449
48380
31938
46379
40571
4933
48359
37917
17784
20228
18288
37583
46410
9952
36653
30977
29963
33786
23169
25039
9494
2612
12042
32962
49860
29525
19211
26998
35694
29829
15015
34702
1037
37352
34226
16804
13672
640
24921
15412
10203
37708
33936
25943
41022
36802
34706
46079
41689
3073
33356
42034
14715
19751
30074
35033
8480
4036
12715
11376
36076
22746
41340
38060
9995
41566
44045
8650
33902
18351
32428
14894
30567
16757
15152
9119
3323
6021
34568
14288
37689
22521
18548
13017
34613
16216
49232
42008
38948
39011
42830
10762
44627
41024
2646
32431
45442
4521
3903
22658
34208
29392
9114
28539
21052
48556
15309
43309
19615
9942
28647
46934
20109
45793
35878
22870
22359
46083
1587
5333
37566
6213
49214
1927
44291
9494
22434
38762
5138
3895
31368
27287
32717
32589
44612
6558
40480
34435
16359
20351
49224
5304
19727
4567
47714
42436
45555
8691
14329
6445
39832
35975
42628
3247
46303
28029
29511
20411
48971
43957
21966
16588
39962
23274
31543
37676
41803
48214
41307
7282
8401
25464
42589
34575
1347
24458
4517
28752
46926
9482
15161
30957
32882
36656
8603
33178
31195
34403
48748
29350
46316
13599
22030
25641
24268
12498
42412
44303
4094
29028
42503
25482
42908
43459
29918
22349
14657
36675
26834
23310
3567
26663
35370
5078
16989
20506
47928
36274
11011
20503
32822
37512
15663
34915
24606
49028
3527
33737
42739
29509
3772
27778
19057
12384
35560
1036
5065
13176
28699
5853
25741
66
36522
46153
26173
20579
12666
32019
45812
20639
5019
14091
45269
15349
30835
5379
6836
34293
3952
48931
18348
15343
34360
9294
36628
1434
28644
40573
15943
9963
34669
37742
16791
8563
30499
47766
32710
22299
35513
37836
29760
47627
23151
31260
27847
8868
14770
44926
22323
48018
44406
20517
10332
43539
396
37256
43911
47812
46455
27353
13940
27160
31284
10335
26287
6367
18997
35097
38241
42078
24636
26755
47940
25456
33188
16860
28404
39591
14378
15556
27767
837
9132
19381
12815
8215
8935
7553
27785
49456
38293
39526
4853
37129
17514
31667
38745
12950
979
5105
35059
49537
37936
44944
2142
30060
38870
18735
10912
9441
12490
1211
24094
45852
5720
10811
43010
10591
15948
29654
34140
31853
20029
47869
27244
32495
777
37875
41185
3854
17301
41125
10278
33021
44070
49923
47679
11621
12379
36844
22076
28684
17652
36062
5105
22236
35489
30642
17241
13586
14508
6107
11903
41705
2222
18032
37769
37059
10255
34198
37434
26150
5284
25550
49129
12287
25236
47013
36460
6377
43558
46223
35197
35339
12888
47691
44892
9465
42610
6484
1851
39461
22841
26839
11736
40596
8312
38676
25219
43157
34840
41526
42379
16267
19694
8716
35375
23396
43163
24125
19357
6879
16423
767
17411
3520
5787
31861
13329
24068
24533
16450
14525
2273
41727
43421
5152
6186
36673
4699
21290
29214
45194
7872
5433
46051
950
19918
27507
38877
38486
20302
23533
11893
11682
35616
3423
32465
16399
40148
14550
37132
25699
40753
21330
10449
30194
23222
38730
39238
18479
26031
19175
30038
19271
42458
26775
26483
13902
829
49952
35411
20202
37546
34139
29975
1595
27176
18309
2637
44486
4744
28621
11406
24956
9539
43273
29466
33158
44913
38671
21944
3405
29842
37163
3060
11683
592
34595
35429
48560
16443
43034
15789
25778
2769
15638
22962
19857
48182
47552
6608
26485
39999
17061
38262
5887
17199
18431
34360
46051
40636
39577
46136
31565
33642
21164
48292
35496
33406
30183
28493
14648
9322
29701
41967
37452
12527
5271
477
14223
40541
6532
26007
42228
36270
31102
29889
33104
18310
48195
23606
15603
5546
10134
36324
36657
38927
38913
21018
20591
12283
3350
40307
17274
37978
27896
46649
25293
37718
13221
42956
6551
33551
4215
24825
39203
8729
11939
21362
16101
8151
31199
29119
44015
48119
28565
13137
47433
3512
19915
15316
23180
21649
47752
39837
23658
10748
19436
16470
9287
15863
47855
39064
32654
25482
10133
37252
15333
23222
12792
33910
23398
34326
32898
44849
36861
13098
13148
33994
9453
49143
33497
4527
6177
20334
41166
39764
7627
29965
31009
15311
768
45029
27565
42339
44110
9721
28847
12846
30484
45157
7807
42503
21791
18194
153
41540
24588
17269
10818
1170
26036
10709
23522
602
154
41899
3636
44406
33805
39934
19707
34609
3315
21894
42791
153
34923
48452
16425
9635
2748
11562
41995
8924
39704
26073
2122
1756
41927
39882
45751
45617
17182
23256
26299
43205
9671
44600
4581
9217
38329
49219
42298
2878
46537
24666
10355
35465
9333
20201
23250
17193
44255
12452
35218
6934
9619
43433
7747
41552
34877
14163
49121
45312
10112
17433
47302
44690
12645
14496
5271
6408
24944
20197
16935
35033
46336
7578
29433
21924
9608
38465
37420
34395
44782
20983
22763
13968
48461
47035
45292
7478
3659
34123
14052
7531
36669
27264
33109
49817
352
46165
37515
3650
39059
27376
43214
30693
21262
38785
30704
6383
22741
10202
6517
36862
17650
2919
47436
13063
30124
1354
24118
38451
31795
25146
7224
8739
46321
19970
27104
14214
37259
41590
37878
6101
5211
26776
34231
16703
30064
25596
39366
10468
45111
48007
28849
7828
9238
47038
37342
48174
30107
38602
23875
49338
10277
1869
39999
16150
26550
19505
32424
26729
49657
3219
15365
1530
30015
36233
18422
27006
8998
12235
37888
12733
564
7830
29614
16311
8078
22566
47839
4487
37442
16683
5918
10324
25233
6624
13480
43246
47065
16429
35084
6469
20259
20501
28269
11906
40359
48811
16289
24145
48344
47210
2908
10523
37750
13662
15040
34279
6610
40352
38228
35721
33288
38978
28990
41117
42494
9448
30352
2382
22704
19376
27750
8619
16526
21307
29689
7820
35371
20240
29923
36029